  0.82040991801953067       0.99999999999994538        1.8407975562364334        3.5042500644462451        7.1238924759595461        17.805412284772803        32.011699989533795        31.999288033440489     
   2.7568317221861705        7.6562093403001441        1.7714881021775408        3.6801776705390021        7.5939980856753344        19.812794832594992        32.038536636322526        32.003013683593551     
   2.7568317221861705        7.6562093403001441        1.7252592808905103        3.5299876270844441        7.3987905199340798        22.044263134466878        32.177555409644015        32.147552847111186     
  0.69584734410143567        1.2329385654007508        1.7320364257073366        3.3859269216094892        7.2086008655709168        24.524387272500377        32.239993120218138        32.209910808273456     
  0.69584734410143567        1.2329385654007508        1.6814716328380646        3.2477454113322564        7.0233001344499293        27.280328431528503        32.176005623219652        32.093231515576676     
  0.57739244261533906        2.0877960597293042        1.5910244257753690        3.1152031625168708        6.8427626490166658        30.341905054066270        32.189699270744718        32.040577042444539     
  0.57739244261533906        2.0877960597293042        1.5296041395121383        2.9880700348174312        6.6668659704576330        33.742051117477367        32.233112933911293        32.022006130113276     
  0.52957580991808784        1.9319574875683871        1.4490818536274515        2.8661252788516633        6.4954908056988625        37.517038452183542        32.284342884929522        32.012981222884676     
  0.52957580991808784        1.9319574875683871        1.3885817601965138        2.7491571545639948        6.3285209261409543        41.706755257746451        32.337703277218317        32.002540143988327     
  0.58972609467233272        1.1481317616125395        1.3679419618282724        2.6369625633658109        6.1658430933548569        46.354988934618923        32.399081508959327        31.994783343435326     
  0.58972609467233272        1.1481317616125395        1.3209288144789020        2.5293466940077409        6.0073469746147401        51.509759273345097        32.462405084929685        31.980974138972424     
  0.49168645345989626        1.6473693756173298        1.2499794022631563        2.4261226860998879        5.8529250798329668        57.223595389425782        32.541028555015579        31.975852157440841     
  0.49168645345989626        1.6473693756173298        1.2017730105990418        2.3271113060138684        5.7024726776516141        63.553875993496554        32.630919268622172        31.975310502727300     
  0.46633455165038035        1.5059709601261437        1.1355772018356527        2.2321406338998342        5.5558877310925139        70.563140956796161        32.729731408619408        31.974923045899654     
  0.46633455165038035        1.5059709601261437        1.0898708319571333        2.1410457664899551        5.4130708257599736        78.319391012579416        32.835610071075585        31.970220917990851     
  0.51074640222466539       0.95506291662031573        1.0668547079375099        2.0536685304032924        5.2739251015070918        86.896340270082078        32.953709051326442        31.965652412349026     
  0.51074640222466539       0.95506291662031573        1.0288813264115306        1.9698572065400239        5.1383561874004977        96.373696580851174        33.080854687494224        31.956050650581229     
  0.43675161074302282        1.2723552277454200       0.97434718668236431        1.8894662677758127        5.0062721412220261        106.83731162820526        33.227532389065630        31.952575724246255     
  0.43675161074302282        1.2723552277454200       0.93509469822328151        1.8123561269097319        4.8775833819860033        118.37935521125739        33.390669757941019        31.951339975788279     
  0.41635210691247004        1.1596568751650982       0.88423916924253276        1.7383928925733589        4.7522026327881468        131.09836743190172        33.570691010262536        31.950745021727258     
  0.41635210691247004        1.1596568751650982       0.84924433762829454        1.6674481380263011        4.6300448597732897        145.09923017491528        33.766152022831626        31.946659704879643     
  0.45393347998307060       0.71503541339279841       0.83351915404282950        1.5993986778142013        4.5110272151928337        160.49296884604212        33.982326884816345        31.943031674563205     
  0.45393347998307060       0.71503541339279841       0.80198233420378662        1.5341263527648801        4.3950689765865345        177.39650608069644        34.217097221157495        31.935396590025160     
  0.38750950325652211       0.98211479137456736       0.75883174334904746        1.4715178262435586        4.2820915047539900        195.93212682317409        34.479685252002369        31.932623965528308     
  0.38750950325652211       0.98211479137456736       0.72966051053566472        1.4114643877408457        4.1720181745784508        216.22687964238921        34.768418973059269        31.931580024192947     
  0.37145385925125246       0.89057778425790912       0.68956724317922047        1.3538617625023806        4.0647743366181617        238.41171217371198        35.084630728424195        31.931181199636178     
  0.37145385925125246       0.89057778425790912       0.66200091374278236        1.2986099317324582        3.9602872543510550        262.62040543255893        35.427567807111025        31.927729077655751     
  0.35810942299095644       0.79844222298958389       0.62684946787254547        1.2456129580152142        3.8584860670835295        288.98819474502244        35.803673229600413        31.926163218761776     
  0.35810942299095644       0.79844222298958389       0.60091406300552774        1.1947788196239673        3.7593017305194678        317.65030059068812        36.211682838818902        31.922827548568286     
  0.38966150821645806       0.46034126618508531       0.59328950739852226        1.1460192505765714        3.6626669803804695        348.74006249163506        36.655312720820469        31.919555297024370     
  0.38966150821645806       0.46034126618508531       0.57450772387785631        1.0992495857883251        3.5685162719259407        382.38701181108826        37.134733246190095        31.914019285535968     
  0.32911939680951918       0.68930150397291445       0.54378977046882748        1.0543886157654043        3.4767857564281499        418.71457933353548        37.656347817895259        31.911782533273733     
  0.32911939680951918       0.68930150397291445       0.52224930325401320        1.0113584463639198        3.3874132220710722        457.83782198815715        38.220524738976259        31.911642792057858     
  0.31995024745897704       0.62078388709337007       0.49442873571237511       0.97008436139380294        3.3003380522001748        499.86100190387538        38.826910977689678        31.911132043398588     
  0.31995024745897704       0.62078388709337007       0.47401545211735807       0.93049469431013643        3.2155011934313271        544.87512444037668        39.476098251908077        31.908539427857598     
  0.32685253795596803       0.39267827373706271       0.46521032680572871       0.89252070344597190        3.1328451115070406        592.95546345428863        40.171773466374503        31.906476148705174     
  0.32685253795596803       0.39267827373706271       0.44774779480403704       0.85609645156552050        3.0523137531819575        644.15939387142498        40.913011530658260        31.902672727743639     
  0.29581386914969304       0.53253822526874817       0.42451162150245914       0.82115869270204855        2.9738524853149526        698.52422998075315        41.703454658338480        31.900727313966382     
  0.29581386914969304       0.53253822526874817       0.40737003734832500       0.78764676283665858        2.8974081025263292        756.06556123752205        42.542695100189178        31.899895595388738     
  0.27689649521325654       0.48395273264622179       0.38535300017144908       0.75550247288544126        2.8229287629523578        816.77588862563221        43.430522257514966        31.899658887352576     
  0.27689649521325654       0.48395273264622179       0.36940193774708252       0.72467000894568767        2.7503639509152675        880.62373772572141        44.364956703240523        31.897703348353414     
  0.26927117429316383       0.43105506174749431       0.35038855321331636       0.69509583447113621        2.6796644559338882        947.55312890098071        45.347580819826000        31.896480919922691     
  0.26927117429316383       0.43105506174749431       0.33574216923811900       0.66672859818615182        2.6107823258205118        1017.4838055767240        46.375813346110476        31.894114956106268     
  0.28005717699697291       0.25981693099101028       0.33127532894014594       0.63951904478553312        2.5436708501816030        1090.3117147982164        47.449988326869160        31.892436548570561     
  0.28005717699697291       0.25981693099101028       0.32110214773135959       0.61341992785392752        2.4782845036687564        1165.9102525831577        48.566342416306036        31.889092704284913     
  0.24104173719201988       0.38041586472196853       0.30363076435142289       0.58838592941792278        2.4145789490553935        1244.1316680653385        49.726320264624796        31.888115789846928     
  0.24104173719201988       0.38041586472196853       0.29183802916087243       0.56437358215022049        2.3525109816477139        1324.8091563999312        50.925856980751746        31.887877771137614     
  0.23720640387189115       0.34200122031486940       0.27583227655058729       0.54134119168554162        2.2920384992542093        1407.7591403747513        52.161660733943009        31.887444393204238     
